100
29741
29319
55193
42078
58540
49581
34828
48485
46772
10089
96771
22947
56630
53247
4777
90030
48297
84533
60466
13807
63952
50461
50539
62759
85955
94904
83921
36937
98374
20221
23312
9382
72915
78550
52703
90709
7824
58241
25368
1
100000
10481
5171
47288
41346
82074
48232
17094
82593
81683
71617
50649
82277
8914
21083
23071
38640
18313
80867
1262
7953
73657
65093
14893
27420
71783
92540
38738
65399
79830
74418
83938
98328
34894
38181
58802
77502
911
69527
13326
28246
64014
79462
25884
19055
74659
93573
25385
48898
12460
16673
67681
27176
58041
47534
1144
62690
5082
5656
63022
