150 50 0.25
350 80 0.01
1999 2 0.20
1999 1 0.001
20 13 0.11
2 1 0.999
1999 1 0.999
2 1 0.001
1999 1998 0.001
1999 1998 0.999
350 319 0.034
587 313 0.417
1804 1602 0.772
311 207 0.307
1866 463 0.094
889 781 0.413
934 181 0.84
1727 1271 0.983
30 4 0.802
1199 205 0.593
1974 1338 0.436
481 3 0.811
6 4 0.166
43 37 0.861
1138 990 0.92
1217 1063 0.991
532 144 0.394
231 181 0.705
872 337 0.348
1773 1603 0.195
1010 121 0.646
1265 357 0.645
926 621 0.496
1987 457 0.647
1026 769 0.434
1031 723 0.017
1706 781 0.428
805 671 0.275
574 107 0.422
1145 245 0.461
668 161 0.984
1683 1109 0.111
2 1 0.314
411 263 0.801
1556 420 0.708
1181 791 0.051
648 557 0.99
1917 1581 0.221
232 167 0.016
877 403 0.151
1438 599 0.21
339 49 0.281
1396 280 0.124
141 79 0.571
1218 375 0.894
1015 755 0.637
1754 1047 0.704
1219 491 0.399
968 676 0.93
1333 105 0.897
956 97 0.268
1961 1515 0.171
466 151 0.166
1167 1075 0.925
806 29 0.232
1899 429 0.799
440 129 0.722
1845 1817 0.521
276 148 0.804
1723 985 0.483
530 446 0.262
193 173 0.885
272 177 0.152
1319 425 0.895
8 3 0.506
45 41 0.513
554 427 0.716
1361 491 0.115
1756 295 0.534
1653 1049 0.989
478 452 0.528
1383 859 0.127
132 2 0.122
159 101 0.081
198 73 0.164
1571 265 0.931
864 190 0.662
735 307 0.197
198 95 0.208
1419 945 0.391
624 544 0.242
1945 449 0.665
1660 466 0.06
1241 139 0.635
1582 511 0.046
15 1 0.781
138 13 0.408
151 35 0.535
580 559 0.466
717 37 0.793
612 542 0.124
873 307 0.787
1066 503 0.142
1737 1093 0.285
500 410 0.368
1289 951 0.007
1570 1038 0.618
1757 1217 0.201
1576 1188 0.788
725 299 0.363
932 187 0.886
1681 453 0.381
868 86 0.488
321 191 0.623
1100 947 0.93
1319 211 0.369
1348 278 0.34
1759 1555 0.619
1348 1060 0.118
1415 261 0.621
1292 1083 0.552
241 135 0.175
1164 165 0.37
159 77 0.433
1186 455 0.324
1309 959 0.387
1600 1521 0.742
1687 1275 0.621
1136 1048 0.712
831 801 0.119
1136 1074 0.562
1483 175 0.865
1028 579 0.66
1857 1139 0.971
1450 61 0.534
777 85 0.309
1996 545 0.856
957 591 0.623
414 264 0.722
1461 281 0.769
246 67 0.188
231 163 0.587
1070 481 0.798
25 21 0.253
78 1 0.16
237 123 0.455
1138 111 0.442
841 529 0.833
1378 855 0.876
1493 991 0.939
800 99 0.558
271 163 0.477
784 377 0.712
1423 49 0.655
212 132 0.418
1699 1035 0.937
1134 1119 0.396
543 287 0.155
1074 502 0.302
195 107 0.989
936 873 0.392
73 23 0.511
6 1 0.082
345 1 0.433
1394 604 0.476
807 27 0.803
1390 1352 0.502
741 53 0.445
170 11 0.64
443 419 0.727
1338 337 0.658
1423 1333 0.081
1580 5 0.916
235 75 0.395
72 18 0.262
265 5 0.837
822 681 0.368
1405 331 0.783
120 117 0.234
663 119 0.177
1498 224 0.916
1677 1259 0.011
506 474 0.518
75 69 0.117
458 266 0.112
1311 997 0.135
1186 264 0.962
659 623 0.225
1382 101 0.884
1995 1121 0.187
1404 682 0.014
1975 1417 0.269
1992 919 0.144
1885 1195 0.071
476 256 0.106
1699 615 0.801
1700 293 0.26
683 307 0.515
1034 347 0.406
467 385 0.261
1900 1779 0.952
467 221 0.295
230 128 0.33
1551 461 0.665
1442 1235 0.948
1771 845 0.027
1150 276 0.566
829 397 0.613
736 371 0.088
859 199 0.463
436 282 0.65
1801 1057 0.657
1758 1109 0.692
459 349 0.587
1474 1160 0.422
1319 1037 0.381
1578 581 0.44
285 199 0.319
1872 1523 0.29
45 21 0.601
492 322 0.484
1247 249 0.307
28 8 0.11
319 263 0.925
244 85 0.224
167 121 0.559
1324 1161 0.834
1027 217 0.937
58 52 0.676
97 19 0.619
970 849 0.438
1227 949 0.165
838 381 0.528
913 119 0.703
1488 648 0.114
1955 679 0.009
1810 1392 0.292
1681 843 0.891
526 119 0.534
1299 1101 0.085
776 114 0.8
947 37 0.807
998 705 0.394
1477 1461 0.249
330 303 0.708
505 323 0.587
594 438 0.342
623 63 0.245
174 3 0.184
1323 1297 0.607
1854 502 0.162
1785 937 0.385
424 20 0.164
1833 851 0.507
662 244 0.414
225 5 0.261
1820 186 0.336
1001 55 0.431
1440 104 0.938
1287 127 0.065
1974 526 0.476
1211 311 0.147
384 196 0.846
577 493 0.349
1386 1365 0.608
423 249 0.079
600 33 0.802
387 93 0.265
786 351 0.932
919 423 0.619
138 41 0.638
663 181 0.301
816 648 0.488
1901 1463 0.767
1642 287 0.698
1829 273 0.185
782 35 0.556
601 587 0.155
1190 765 0.59
1037 329 0.117
466 172 0.984
573 479 0.447
1234 399 0.402
173 133 0.209
698 335 0.628
691 181 0.411
1624 1290 0.694
1539 565 0.365
902 572 0.096
205 155 0.191
1200 90 0.45
1237 37 0.777
1804 903 0.684
715 153 0.355
26 13 0.006
1629 5 0.493
870 375 0.936
955 739 0.895
284 72 0.25
951 633 0.137
1868 837 0.236
1679 579 0.419
522 327 0.59
1779 1491 0.445
772 107 0.696
557 527 0.399
880 294 0.154
639 201 0.009
246 178 0.1
55 33 0.659
1032 30 0.718
1895 197 0.597
722 664 0.04
371 253 0.391
1194 1106 0.602
413 257 0.609
236 48 0.556
1275 161 0.811
954 437 0.254
1265 197 0.109
1142 127 0.272
347 235 0.095
374 173 0.874
399 175 0.921
1454 629 0.06
535 225 0.427
1960 998 0.998
1219 1151 0.061
654 396 0.816
915 153 0.023
186 56 0.786
679 201 0.401
120 106 0.9
1401 1251 0.019
656 263 0.694
917 901 0.429
40 11 0.416
501 111 0.159
1582 856 0.474
761 185 0.873
1250 39 0.94
851 387 0.043
1608 1193 0.222
95 3 0.365
1406 1402 0.352
781 691 0.631
718 524 0.77
1355 1161 0.489
1514 682 0.308
1723 1019 0.371
1128 234 0.398
1089 1029 0.557
623 581 0.206
0 0 0.0
