37
12
1 1 2
1 3 2
1 5 2
1 7 2
3 1 2
3 7 2
5 1 2
5 7 2
7 1 2
7 3 2
7 5 2
7 7 2
6
1 1 2
1 3 2
1 5 2
1 7 2
3 3 2
5 3 2
4
2 2 4
2 -2 4
-2 2 4
-2 -2 4
4
-2 0 4
2 0 4
-6 0 4
6 0 4
4
1 0 1.41421356237
0 1 1.41421356237
-1 0 1.41421356237
0 -1 1.41421356237
4
10 0 1.41421356237
0 1 1.41421356237
-1 0 1.41421356237
0 -1 1.41421356237
4
1 0 1.41421356237
0 10 1.41421356237
-1 0 1.41421356237
0 -1 1.41421356237
4
1 0 1.41421356237
0 1 1.41421356237
-10 0 1.41421356237
0 -1 1.41421356237
4
1 0 1.41421356237
0 1 1.41421356237
-1 0 1.41421356237
0 -10 1.41421356237
5
1 0 1.41421356237
0 1 1.41421356237
-1 0 1.41421356237
0 -1 1.41421356237
0 0 .585786437627
5
1 0 1.41421356237
0 1 1.41421356237
-1 0 1.41421356237
0 -1 1.41421356237
0 0 .586
3
0 30 60
25.9807621135 -15 60
-25.9807621135 -15 60
3
0 30 51.9615242271
25.9807621135 -15 51.9615242271
-25.9807621135 -15 51.9615242271
0
1
0 0 1
1
0 0 .0001
1
0 0 10000
50
0 0 1
0 1 1
0 2 1
0 3 1
0 4 1
0 5 1
0 6 1
0 7 1
0 8 1
0 9 1
0 10 1
0 11 1
0 12 1
0 13 1
0 14 1
0 15 1
0 16 1
0 17 1
0 18 1
0 19 1
0 20 1
0 21 1
0 22 1
0 23 1
0 24 1
0 25 1
0 26 1
0 27 1
0 28 1
0 29 1
0 30 1
0 31 1
0 32 1
0 33 1
0 34 1
0 35 1
0 36 1
0 37 1
0 38 1
0 39 1
0 40 1
0 41 1
0 42 1
0 43 1
0 44 1
0 45 1
0 46 1
0 47 1
0 48 1
0 49 1
50
0 0 1
1 0 1
2 0 1
3 0 1
4 0 1
5 0 1
6 0 1
7 0 1
8 0 1
9 0 1
0 -1 1
1 -1 1
2 -1 1
3 -1 1
4 -1 1
5 -1 1
6 -1 1
7 -1 1
8 -1 1
9 -1 1
0 -2 1
1 -2 1
2 -2 1
3 -2 1
4 -2 1
5 -2 1
6 -2 1
7 -2 1
8 -2 1
9 -2 1
0 -3 1
1 -3 1
2 -3 1
3 -3 1
4 -3 1
5 -3 1
6 -3 1
7 -3 1
8 -3 1
9 -3 1
0 -4 1
1 -4 1
2 -4 1
3 -4 1
4 -4 1
5 -4 1
6 -4 1
7 -4 1
8 -4 1
9 -4 1
26
0 0 1
1 0 1
2 0 1
3 0 1
4 0 1
5 0 1
6 0 1
7 0 1
8 0 1
9 0 1
0 -1 1
9 -1 1
0 -2 1
9 -2 1
0 -3 1
9 -3 1
0 -4 1
1 -4 1
2 -4 1
3 -4 1
4 -4 1
5 -4 1
6 -4 1
7 -4 1
8 -4 1
9 -4 1
32
0 0 1
1 0 1
2 0 1
3 0 1
4 0 1
5 0 1
6 0 1
7 0 1
8 0 1
9 0 1
0 -1 1
3 -1 1
9 -1 1
0 -2 1
3 -2 1
4 -2 1
5 -2 1
6 -2 1
9 -2 1
0 -3 1
6 -3 1
9 -3 1
0 -4 1
1 -4 1
2 -4 1
3 -4 1
4 -4 1
5 -4 1
6 -4 1
7 -4 1
8 -4 1
9 -4 1
27
0 0 1
1 0 1
2 0 1
3 0 1
4 0 1
5 0 1
6 0 1
7 0 1
8 0 1
9 0 1
0 -1 1
9 -1 1
0 -2 1
9 -2 1
0 -3 1
9 -3 1
0 -4 1
1 -4 1
2 -4 1
3 -4 1
4 -4 1
5 -4 1
6 -4 1
7 -4 1
8 -4 1
9 -4 1
4 -2 3
27
0 0 1
1 0 1
2 0 1
3 0 1
4 0 1
5 0 1
6 0 1
7 0 1
8 0 1
9 0 1
0 -1 1
9 -1 1
0 -2 1
9 -2 1
0 -3 1
9 -3 1
0 -4 1
1 -4 1
2 -4 1
3 -4 1
4 -4 1
5 -4 1
6 -4 1
7 -4 1
8 -4 1
9 -4 1
4.5 -2 3
30
0 0 1
0 -2 1
0 -4 1
1 -2 1
2 0 1
2 -1 1
2 -2 1
2 -4 1
3 -2 1
3 -4 1
4 -1 1
4 -2 1
4 -4 1
5 -1 1
5 -2 1
5 -3 1
5 -4 1
6 -1 1
6 -2 1
7 -1 1
7 -2 1
7 -3 1
8 0 1
8 -2 1
8 -4 1
9 0 1
9 -1 1
9 -2 1
9 -3 1
9 -4 1
28
0 -1 1
0 -3 1
0 -4 1
1 0 1
1 -1 1
1 -3 1
2 0 1
2 -1 1
2 -2 1
2 -3 1
3 -1 1
3 -2 1
3 -4 1
4 -1 1
4 -2 1
5 -2 1
5 -3 1
5 -4 1
6 -3 1
7 0 1
7 -2 1
7 -3 1
8 0 1
8 -4 1
9 0 1
9 -1 1
9 -2 1
9 -3 1
25
0 -1 1
0 -2 1
0 -3 1
0 -4 1
1 -1 1
1 -3 1
2 -1 1
2 -4 1
3 0 1
3 -1 1
3 -2 1
4 -1 1
4 -2 1
4 -4 1
5 0 1
6 0 1
6 -2 1
6 -4 1
7 0 1
7 -4 1
8 0 1
9 -1 1
9 -2 1
9 -3 1
9 -4 1
10
1 -1 1
1 -4 1
2 -1 1
3 -3 1
5 0 1
5 -1 1
5 -4 1
6 -3 1
7 -4 1
9 -2 1
11
1 0 1
2 -3 1
2 -4 1
5 0 1
5 -1 1
6 0 1
7 -3 1
8 0 1
8 -4 1
9 0 1
9 -2 1
12
0 -2 1
0 -3 1
2 -3 1
2 -4 1
3 -4 1
5 -1 1
6 0 1
7 -2 1
8 0 1
9 0 1
9 -2 1
9 -4 1
38
0 0 1
0 -1 1
0 -2 1
0 -4 1
1 0 1
1 -2 1
1 -3 1
2 0 1
2 -1 1
2 -2 1
2 -3 1
2 -4 1
3 0 1
3 -1 1
3 -2 1
3 -3 1
3 -4 1
4 -1 1
4 -3 1
4 -4 1
5 0 1
5 -1 1
5 -2 1
5 -3 1
6 0 1
6 -1 1
6 -3 1
6 -4 1
7 0 1
7 -1 1
7 -2 1
7 -4 1
8 0 1
8 -1 1
8 -2 1
8 -4 1
9 -1 1
9 -3 1
37
0 0 1
0 -1 1
0 -2 1
0 -3 1
0 -4 1
1 0 1
1 -1 1
1 -2 1
1 -3 1
1 -4 1
2 -1 1
2 -2 1
2 -3 1
2 -4 1
3 0 1
3 -1 1
3 -2 1
4 0 1
4 -1 1
4 -2 1
5 0 1
5 -4 1
6 -1 1
6 -2 1
6 -3 1
6 -4 1
7 0 1
7 -2 1
7 -4 1
8 0 1
8 -2 1
8 -3 1
8 -4 1
9 0 1
9 -1 1
9 -2 1
9 -4 1
36
0 -2 1
0 -3 1
0 -4 1
1 -1 1
1 -2 1
1 -3 1
2 0 1
2 -1 1
2 -3 1
2 -4 1
3 -1 1
3 -2 1
4 0 1
4 -3 1
4 -4 1
5 -1 1
5 -2 1
5 -3 1
6 0 1
6 -1 1
6 -2 1
6 -4 1
7 0 1
7 -1 1
7 -2 1
7 -3 1
7 -4 1
8 -1 1
8 -2 1
8 -3 1
8 -4 1
9 0 1
9 -1 1
9 -2 1
9 -3 1
9 -4 1
50
-1000000.0 0.0 50.0
-999736.4860886117 529.425147834841 1132.7604468448035
-998699.4738581044 25.098326096234082 1173.52653386381
-997314.3831709779 986.728552880094 2198.836972420141
-996190.5163907885 825.2126006556055 71.99013895261169
-996039.8196706251 336.4685644823899 950.9081636422704
-994820.9522559728 290.3169440986283 1488.5735407903733
-993854.4725981875 179.83468217276365 456.974463359599
-993068.2401359085 365.60030547764575 1158.7858549341784
-991625.6383986442 86.93827416568034 1779.752761489243
-989944.5865960706 473.11739456191646 1669.9251805604151
-988296.5950464993 713.8444491185548 1661.036039420301
-986977.4503639906 710.8276098016717 977.2602249975819
-985732.8657293569 679.2982708804628 1512.70765590305
-984647.8460680393 476.93166822041763 694.7523390394479
-983720.5422103638 662.4790030110622 1196.6178076085464
-982545.78262571 10.625361360853791 1490.3680515790631
-980877.8180867973 94.24993755377076 1849.750971937244
-979251.1075450263 579.6475633297763 1545.4209187437507
-978053.0524530796 631.7533792466585 852.9543808220731
-977014.0835362693 690.5077403307964 1228.3033975845121
-975974.9593211507 329.83345757906415 971.5739377997095
-974555.8141090652 749.0354296372834 1987.955366912486
-972804.245080205 52.652447659895515 1781.8951980038216
-971511.8916323863 56.902555904208455 802.8256747475668
-970183.2469819118 204.9985560050075 1870.920036781605
-969009.1100739948 894.0270968955606 851.8416558346369
-968434.1460418928 305.16672543618364 794.171922829034
-967720.3282689401 707.2740057532153 844.3958394159645
-966623.0029624421 269.92580506926936 1518.1420137600394
-965831.8400692011 102.62805217896387 99.1733689203786
-965410.1593690221 536.9694103650725 1111.5570359747303
-964779.4219362722 421.0195903500781 171.0560309063103
-963958.8335574043 311.379553680082 1484.7050933793594
-962524.0418957665 167.2441277024439 1399.321351247815
-961429.4930158043 290.01563629487293 803.5041924106267
-960405.0479189743 456.9219390692281 1272.400882803439
-959065.0753908724 191.3738869003029 1459.6621794836997
-957727.3655729757 948.2041135795082 1614.2666088343094
-956751.3699922487 298.3453289036808 730.8421849055294
-956104.4970275203 432.9373667012525 590.6110289995272
-955464.7648108397 7.4328613012315525 946.0234664805935
-954722.4236775636 376.2592368440564 711.8103653007786
-954076.3919834384 70.37117773760804 717.769229570557
-953172.8859470198 214.1018353453521 1111.9648055080004
-951760.6038193796 812.7261167671185 1955.8629851997405
-950350.5931890287 144.84110743724776 1164.5218393948992
-948901.6140002434 118.93230541915611 1733.8997693811164
-947863.560619485 484.33596894755493 467.0769761788072
-946894.9182413685 384.3614160914245 1480.4989200593411
50
-1000000.0 0.0 50.0
-991561.6579490183 6083.235222527295 20754.938581208346
-970538.1599940328 20586.33570663764 30326.462727505972
-932513.967827911 3299.4983335547913 53212.125631397284
-904546.409727924 29230.645259032106 23066.539457783176
-882300.5459051058 9997.058756673492 35748.7411066105
-864234.378775493 22477.273459466098 8166.730143640307
-843346.5318321118 5372.023538904494 45829.2595139257
-807936.561226644 27713.991918627496 37909.13238275776
-782510.9898791912 22675.44380942293 13930.877084570951
-772581.52250002 1650.9248708529844 32571.798925839918
-752708.2660603839 6044.838727793342 8134.603543440055
-738874.7012580399 14570.589056874498 24364.992381092736
-711641.7161807059 15362.372608950463 30123.99356710173
-666873.9894068717 1599.7862605124747 63546.88010224937
-616593.4250900993 24529.992525852274 46977.85934343515
-573506.2183441741 25216.92397884576 39207.50507506034
-551430.8744787887 18620.22141446383 6872.307923602391
-526747.7632369768 16870.413677761186 42617.80453095098
-477941.136618124 10117.125964485083 55925.459000361
-448217.8674025917 28933.448972777183 14431.537649905185
-427224.03752266295 13905.377059743203 37205.0322768709
-401108.0003809841 1257.5382872091611 20829.96480597782
-376252.9639458884 24796.143030724976 47634.29592796717
-323649.9127375681 29311.802468351703 57958.73748961764
-269777.5509725372 20196.94733761454 51317.27902263792
-241070.16076640642 13307.137963859146 7727.914707376745
-210355.38787139684 24038.451981253645 57343.073437323896
-163707.10114697373 9803.967364903425 40200.41853660742
-142491.90248397394 16264.514852922883 4153.761791993056
-139843.26117823448 29089.4076005626 22037.318732103777
-102976.50555271015 5072.710116704587 65961.75918086714
-43724.0799359341 23084.288077732603 57897.303985584556
12127.346173715596 6660.8630726932 58534.83397258942
52990.40919797473 9702.56537812157 23417.39290720738
88491.22927679247 9491.019129245875 47585.50782463602
138029.52860787715 10435.297019745121 51509.08862442634
182880.76551940778 7025.617272004916 38452.22235927149
222735.93914773082 8468.428783805575 41310.33953545104
253890.73347715466 14521.496343489329 22164.406201441685
269992.03133396496 24868.279889716487 16113.928267351548
291274.5383784623 1785.7355862728764 46679.350278031525
341598.8195394798 20280.70276947331 60551.18801178218
388304.6475337615 24803.167399099362 33297.35070795811
424300.2827885982 9189.517296866383 45174.85652273479
456934.87937156623 24838.787280525496 27210.681954353895
496257.67317263846 3066.9153996901646 62684.73544869625
536343.4263906949 23999.116200467117 27759.1618893325
579885.1356186108 27723.14975091986 59642.185202649336
636677.4846311557 11304.958587273362 58593.645364040676
50
-982704.0663589663 21233.051981049703 54721.95694678073
-1000000.0 0.0 50.0
-945346.4090152074 28662.345418993358 21456.49048294239
-905045.973160998 23422.72349221721 59822.750851479665
-853363.4346205107 12709.75128137011 45739.60159633834
-812111.2747783471 9097.835265745054 37080.3628795618
-770934.5822731918 9041.7230270773 45273.09859589639
-723496.7065828103 27170.263670787703 56294.53475029809
-690920.8553073436 21234.220538283487 9930.013398927375
-684952.8933602942 25440.278944900918 4672.38327029207
-678544.602924653 14215.88597410131 21177.427860195206
-641063.4507957881 3061.8468082309023 57033.80802368236
-593312.5431899581 1137.656373593292 38545.51371505493
-560790.82127206 6383.43036877987 27338.643449279072
-517432.7943614637 2325.612393379031 59756.34800950652
-460865.5167662625 16973.806575207018 57109.84021140009
-430573.22880511393 23344.340863758443 4799.978623506999
-424013.9236533443 14812.31829132048 16723.95161709942
-389786.6329839136 2586.7759864972672 55966.38642632197
-356326.8347963084 29730.430522373288 30204.051110416767
-327123.9746357211 23132.628849950936 29673.758751582558
-300602.7862633705 20236.347281690796 23683.972819553434
-265505.2718588647 18881.225238426894 46563.358037259364
-227547.9621955028 836.9010049226222 37492.69454491168
-205421.0312345994 21165.703070351286 22602.6053433146
-184459.2136487279 26890.826810782768 20856.563463582926
-146665.7195105332 29194.22118244442 54870.67931747066
-92618.33731172953 19884.96107889365 54815.816591900475
-47577.70064937192 15739.991508220635 35646.10299180763
71.92028034275427 15819.827815947587 59653.272632202286
49255.14924487517 28515.618834752913 41937.53642001066
96391.27989367011 25123.501134158043 52578.52094666022
139203.54858217033 7618.411344397884 39927.014429422044
171601.59712450978 14182.543118741747 26185.658343737967
192202.89561692186 10321.981106728532 15734.143116768013
210684.66488611235 26186.24917673926 32979.33742883686
237794.28744084178 26315.64916514708 21240.525330742115
264926.1243909992 12525.351875058566 39630.120325072974
312003.43626043457 29256.815008547026 60294.15403184919
364595.28704385296 15468.750914119624 48444.31166079124
399868.6550233297 4202.649637113047 25613.382783455265
431001.82975933084 28261.767338141384 53078.82048203511
482824.73677810543 15126.115152320428 53844.68582454689
527233.844292205 20146.833061508536 35539.34940596823
573706.2355536039 12297.509112782864 58721.88411035245
607183.1741620685 21102.458055569412 10509.107345208555
632906.3616847214 5826.397439458322 49325.344412041355
726476.6842237758 3677.5287097523833 55173.50649539851
665697.6477076744 4328.729093688692 16325.594637237526
683500.8388090288 29109.95330725106 44701.04501838157
23
0 0 1
1 0 1
2 0 1
3 0 1
3 .75 .5
3 2 2
3 4 2
3 5.25 .5
3 6 1
4 6 1
5 6 1
6 6 1
6 5 1
6 4 1
6 3 1
5 3 1
4 3 1
3 3 1
2 3 1
1 3 1
0 3 1
0 2 1
0 1 1
23
0 0 1
1 0 1
2 0 1
3 0 1
3 .75 .5
3 2 1.95
3 4 1.95
3 5.25 .5
3 6 1
4 6 1
5 6 1
6 6 1
6 5 1
6 4 1
6 3 1
5 3 1
4 3 1
3 3 1
2 3 1
1 3 1
0 3 1
0 2 1
0 1 1