3 -1 -1 -1 -1 -1 
-1 -1 -1 3 -1 -1
-1 -1 30 3 5 -1 
30 -1 -1 3 20 -1 
30 -1 -1 3 5.5 -1 
30 -1 -1 3 5 -1
45 -1 -1 3 -1 -1
-1 45 -1 3 -1 -1 
23 34 -1 3 -1 -1
34 67 -1 4 -1 -1
30 -1 -1 5 9.659258 9.659258
45 -1 -1 7 3 5
45 -1 -1 7 3 -1
45 -1 -1 8 9 -1
23 34 -1 1 1.431145 -1
45 67 67 10 -1 -1
45 75 60 1000 1366.02540378 1224.74487139
45 75 60 1000 1367.02540378 1224.74487139
45 75 60 1000 1367.02540378 -1
37 63 -1 500 741 -1
80.0183 -6820 -3410 -2251 -19466 -26629 
-19747 23.9386 -32311 -19627 -4212 -12986 
12.4413 78.5142 -3810 -8559 -19297 -6044 
-8107 -10829 80.3003 -27743 -32033 -30370 
18.7226 -21977 83.3 -32510 -16424 -298 
-3721 46.2747 70.9918 -32449 -31543 -9511 
34.9058 61.5915 83.5027 -22586 -9145 -19673 
-3272 -19084 -31784 772 -9053 -20339 
84.1921 -28979 -20922 557 -17906 -17839 
-957 14.5859 -30398 861 -2355 -18648 
26.685 72.2891 -11697 396 -12173 -13235 
-25056 -31941 87.1716 75 -10338 -28959 
75.4445 -10980 78.8217 885 -28515 -13427 
-10245 14.4199 87.5136 994 -28773 -14488 
67.2928 32.1274 80.5799 706 -13803 -20573 
-2957 -22231 -12176 -4759 649 -25198 
84.8419 -27119 -29479 -31003 115 -30850 
-11298 25.461 -3339 -24465 279 -394 
17.5358 78.0216 -2893 -21131 974 -9171 
-23340 -28014 89.5406 -7454 394 -30234 
82.8192 -7588 82.8192 -897 69 -17575 
-11201 33.7233 82.3731 -1842 489 -19 
35.9666 63.5413 80.4921 -20056 846 -27419 
-22105 -17689 -27627 973 233 -21131 
40.7512 -16917 -2431 434 592 -25520 
-30676 47.5045 -18459 850 806 -32271 
58.6368 36.0362 -11695 598 412 -4809 
-18418 -28800 87.07 364 396 -24023 
22.8831 -19103 79.2626 319 802 -1192 
-2288 31.4684 76.2839 748 410 -30571 
25.3433 73.0243 81.6324 273 610 -30604 
-11836 -22584 -15802 -26865 -10674 548 
82.3698 -15154 -1416 -30745 -13499 981 
-15982 72.7773 -23681 -19491 -16682 1014 
51.0807 41.4617 -2857 -30337 -15756 1198 
-5776 -28926 84.9179 -3636 -32610 738 
23.1859 -13468 88.4245 -14019 -23652 815 
-3723 67.9049 84.8619 -27484 -30744 703 
43.6252 64.7512 71.6236 -15567 -16436 1044 
-16287 -10893 -28600 350 -24615 686 
57.9911 -21376 -27650 779 -20089 917 
-13145 11.0963 -29496 935 -27315 937 
25.6594 76.1302 -23907 376 -24726 850 
-11350 -738 76.8311 694 -15517 794 
69.5507 -5353 79.2939 719 -24696 754 
-9306 22.3733 82.9665 755 -21735 777 
25.9739 74.1214 79.9047 367 -9627 825 
-24213 -14607 -23452 -26954 591 598 
58.6651 -4071 -23746 -10018 420 571 
-32705 64.0522 -28402 -6838 595 648 
59.808 36.0753 -30997 -27818 280 473 
-12071 -28732 83.2849 -8679 872 1027 
45.2522 -13407 74.6846 -8579 593 660 
-21635 62.353 75.5178 -14158 688 752 
21.6719 69.5107 88.8175 -16598 208 222 
-21933 -3714 -28780 655 152 669 
67.0338 -6064 -16639 810 376 879 
-14816 66.428 -13388 673 948 989  
-16397 -32713 87.2706 264 945 969 
22.5909 -8404 84.9283 199 494 516 
-17034 85.7957 85.7957 139 948 948 
52.0263 45.5803 82.3934 777 704 977 
60 60 60 3 3 3
-1 -1 -1 -1 -1 -1
